# blastp
# Iteration: 0
# Query: NP_000537.3 cellular tumor antigen p53 isoform a [Homo sapiens]
# RID: 8T7TDTFN014
# Database: nr_cluster_seq
# Fields: query acc.ver, subject acc.ver, % identity, alignment length, mismatches, gap opens, q. start, q. end, s. start, s. end, evalue, bit score, % positives
# 30 hits found
NP_000537.3	NP_000537.3	100.000	393	0	0	1	393	1	393	0.0	813	100.00
NP_000537.3	XP_050621303.1	95.674	393	17	0	1	393	98	490	0.0	785	97.20
NP_000537.3	NP_001119590.1	100.000	354	0	0	40	393	1	354	0.0	737	100.00
NP_000537.3	XP_011813950.1	89.822	393	16	1	1	393	1	369	0.0	724	91.09
NP_000537.3	XP_011849932.1	91.349	393	14	1	1	393	1	373	0.0	712	92.37
NP_000537.3	NP_001119585.1	97.654	341	8	0	1	341	1	341	0.0	689	98.24
NP_000537.3	XP_008008383.3	94.565	368	15	1	26	393	44	406	0.0	689	95.38
NP_000537.3	KAL2765772.1	88.550	393	41	2	1	393	1	389	0.0	687	90.33
NP_000537.3	XP_012631512.1	86.005	393	47	3	1	393	1	385	0.0	664	88.55
NP_000537.3	XP_062967318.1	87.786	393	46	1	1	393	1	391	0.0	664	91.60
NP_000537.3	XP_032136321.1	90.541	370	33	1	26	393	43	412	0.0	662	93.51
NP_000537.3	NP_001306217.1	84.518	394	57	2	1	393	1	391	0.0	661	89.09
NP_000537.3	XP_069338125.1	82.952	393	37	3	1	393	1	363	0.0	654	86.01
NP_000537.3	NP_001075873.1	86.041	394	51	3	1	393	1	391	0.0	651	90.36
NP_000537.3	XP_012661495.1	83.969	393	60	2	1	393	1	390	0.0	647	87.79
NP_000537.3	9CHT_B	98.718	312	4	0	1	312	85	396	0.0	646	99.36
NP_000537.3	XP_064234431.1	89.674	368	36	1	1	366	1	368	0.0	638	92.93
NP_000537.3	XP_065753056.1	80.964	394	48	2	1	393	1	368	0.0	637	84.52
NP_000537.3	AYE20624.1	100.000	305	0	0	1	305	1	305	0.0	635	100.00
NP_000537.3	XP_052612630.1	82.532	395	63	4	1	393	1	391	0.0	634	86.33
NP_000537.3	AHK05716.1	82.576	396	53	5	1	393	1	383	0.0	634	86.11
NP_000537.3	XUP55605.1	80.303	396	66	6	1	393	1	387	0.0	632	85.61
NP_000537.3	KAL2765776.1	89.548	354	33	2	40	393	1	350	0.0	630	90.96
NP_000537.3	XP_059988823.1	84.264	394	54	3	1	393	63	449	0.0	629	88.07
NP_000537.3	NP_001297199.1	83.206	393	64	1	1	393	1	391	0.0	628	87.28
NP_000537.3	XP_036053163.1	81.864	397	64	5	1	393	112	504	0.0	625	86.15
NP_000537.3	KAL1779023.1	78.481	395	78	5	1	393	1	390	0.0	623	84.56
NP_000537.3	XP_036053164.1	81.864	397	64	5	1	393	58	450	0.0	623	86.15
NP_000537.3	NP_001166211.1	78.228	395	80	2	1	393	1	391	0.0	618	84.56
NP_000537.3	KAF7473433.1	87.006	354	44	1	40	393	1	352	0.0	618	91.24


